135234.43959770419 425216.25995774334 114 53.510544145023957 68.181402020325322 160.62929166539507 97 117.66411328470718 300 263.27570421460615 255.04760887478255 300 375 375 160.22598956266975 500 500 245.20096438489944 500 304.64857936338387 469.81115146336253 487.15359965819266 403.22403637806326 343.52177495651114 542.98098696859643 550 550 320.97421185949281 63.151036103396706 47.658619953001498 64.450819421979944 77.825220496230969 122.20892971587267 168.88943144016844 190 200 187.50175481429488 200 110 106.11148411511581 110 495.15274513992733 
136163.50418233595 493399.35399279097 89.043427838984343 114 68.540299691763053 146.32160405285805 70.773918881801819 132.73561815240942 222.4274422437208 277.078157902768 266.66966765343182 281.71697134311955 367.47053437910091 375 248.35963011566514 412.02658162175362 399.60936307870719 185.99887081514939 471.8008972441786 500 550 304.10382396923734 550 550 523.32413708914464 383.72075563829463 550 550 19.151890621662041 110.60512100589216 40.578936124759664 87.017395550401318 190 113.57982116153447 103.99853511154515 198.12341685232093 165.5970946378979 138.16675313577684 110 28.393047883541367 107.64458143864253 496.42170476393932 
140851.11370796338 530061.87766787189 114 60.920865504928742 120 100.887478255562 71.437696462904754 125.47343363750115 300 287.02337717825861 300 300 375 375 252.34229560228277 500 317.82738731040376 419.96917630542657 316.85110019226659 276.14185003204443 550 417.60521256141851 550 550 286.83669545579392 550 276.32172612689595 550 104.56526383251442 79.844050416577645 64.253364665669721 97 179.58952604754785 190 190 96.754356517227706 170.68300424207283 185.9172338023011 66.658223212378317 71.096682638019956 110 550 
141162.15999588283 494265.88221111969 114 45.283730582598345 120 190 56.572130497146517 140 280.99050874355237 251.0544145023957 300 201.48747215186012 220.98898281807917 375 308.93505661183508 500 500 213.36252937406539 236.3982055116428 500 550 381.67955565050204 362.9618213446455 550 550 548.48237556077765 528.45515305032495 332.41962950529495 82.907498397778241 69.653920102542187 115.24674214911343 95.478652302621541 95.389263588366333 108.66420484023561 190 169.29654835657828 200 190.1303140354625 64.147160252693254 101.01413006988739 110 550 
141561.99642992858 434024.07255865401 114 114 89.068880275887324 148.3492538224433 97 80.854396191290022 228.99716177861873 143.72661519211402 232.96670430616169 235.09628589739677 312.4059572130497 257.77016510513624 454.31379131443219 378.39136936552018 500 458.91445661793875 500 307.8530228583636 550 359.62172307504073 363.72966704306162 548.59981078524129 550 421.32712790307323 336.49372844630267 540.31611072115243 53.003631702627644 135.21256141850031 57.746208075197607 86.489425336466567 190 156.14215521713919 190 160.31983397930844 118.4743797112949 187.89788506729332 70.917691579943238 110 110 550 
142565.02843010591 446269.55759786296 114 114 120 190 97 140 300 297.57286294137396 187.62153996398814 300 144.19357890560624 334.9772026734214 500 500 367.55534531693525 307.2069460127567 500 444.61012604144412 550 379.98760948515275 550 542.08667256691183 449.61998352000489 488.02130191961425 550 265.95129245887631 150 19.570604571672717 51.550950651570176 96.253822443311861 190 62.340769676808982 63.332621234778891 152.39722891933957 200 200 110 110 110 250.14954069643238 
143524.92618976388 492081.86245770584 111.82189397869809 68.847743156224254 81.563158055360574 190 81.040345469527267 91.977294228949859 164.11755729850154 300 274.61577196569721 160.46998504593034 241.7764824365978 375 436.14001892147587 500 146.00054933317057 407.32291634876555 463.68297372356335 395.83422345652639 341.580431531724 530.61781670583207 550 550 513.34214300973542 550 453.24359874263888 550 85.244605853450125 145.30014954069642 19.288613544114504 51.892117069002353 64.479201635792109 132.35358745078889 88.390758995330671 200 200 182.20770897549363 99.922025208288829 69.309366130558175 82.61696218756677 550 
144294.70734046915 482753.80839016644 114 111.68620868556779 78.662678914761798 175.80309457686087 65.227179784539317 75.615955076754048 203.20535905026398 165.7068086794641 300 268.38343455305642 318.76055177465133 375 500 500 389.67558824427016 500 500 500 258.58107242042297 550 550 266.5023346659749 439.3783074434636 550 331.89568773461104 465.34727011932739 150 21.830805383465069 47.124546037171548 53.755272072511978 190 87.188634907071133 114.55183568834498 92.87026581621754 154.69008453627126 200 64.557023834955899 110 110 550 
144745.58063014544 465686.00583167357 89.843256935331283 47.378521073030797 66.553544724875636 190 97 75.734611041596736 122.6059755241554 300 300 208.95840327158422 375 186.52323984496599 221.77419354838707 500 500 500 335.41978209784236 500 550 246.737449262978 550 378.85070345164354 446.41309854426709 480.35187841425829 532.66475417340621 440.3968016602069 150 48.500320444349498 81.471907712027345 97 190 121.74077578051089 190 108.26563310647907 200 190.81514938810389 110 110 110 550 
145433.70497971491 502816.45693764364 56.271858882412182 92.030884731589708 120 169.55125583666359 72.012970366527298 140 300 158.5865352336192 267.95373393963439 300 375 202.83422345652639 256.05029450361644 307.33283486434522 324.25916318247016 500 500 385.03311258278143 541.12668233283489 520.73873104037602 550 550 550 372.04046754356517 550 468.47285378582109 76.88314462721641 66.419568468275997 150 53.079287087618638 141.89123203222755 79.860835596789457 190 196.05883968626972 200 200 97.530289620654926 110 61.425977355265964 247.55522324289683 
145655.63457091132 487690.90969086572 38.830347605822929 68.645405438398384 104.99221778008362 109.76348155156103 87.910061952574239 95.695181127353749 288.91323587755971 192.55134739219338 275.49195837275306 300 279.78804895168605 375 300.84383678701136 500 488.22367015594961 166.97820978423414 500 401.49113437299724 398.97500534073913 550 413.33249916074101 550 550 511.39994506668296 550 362.33851130710775 10.811792352061525 150 102.59559923093356 97 140.80019531846062 190 190 118.41059602649007 91.900082399975588 200 66.979888302255318 92.170934171575055 89.169591357158112 498.99722281563771 
146422.60148986109 454485.08286665031 76.03430280465102 72.580278939176608 120 107.63512070070499 97 90.368846705526906 178.20795312356944 300 192.47077852717672 300 375 375 425.61113315225685 322.58827478865931 500 500 224.54603717154455 453.44343394268572 395.54411450544751 515.15530869472332 511.79741813409834 550 499.17764824365975 489.38535721915343 474.14587847529526 550 52.388378551591543 101.97180089724418 132.53364665669727 97 190 105.34745323038423 94.369640186773267 187.65617847224343 117.79961546678061 190.85879085665457 89.115115817743458 110 49.91607409894101 285.35142063661613 
146439.47941178549 429258.5798113097 72.139896847437967 114 105.585497604297 190 57.925626392406997 140 300 246.28070925016021 159.21094393749809 297.25547044282359 375 320.26129947813348 500 470.99978637043364 339.51460310678425 146.12643818475905 482.157658619953 473.9371929074984 499.88079470198676 550 465.40147099215676 338.8514664143803 537.54283272804958 550 339.44767601550342 352.6633503219694 150 28.876308481093783 98.596453749198886 97 94.675130466628019 190 143.25601977599416 169.40397350993379 133.92010254219184 200 110 110 110 440.08929715872682 
146788.61853440854 432307.24513622373 114 96.320444349497961 65.837580492568748 190 55.505508590960417 123.63206884975739 300 300 282.60582293161002 280.67415387432482 375 375 201.46031067842648 500 500 500 252.70241401409956 344.93911557359536 422.48365733817559 496.13971373638111 403.46794030579542 448.21979430524613 550 550 441.30014954069645 359.26712851344337 124.49690237128819 45.419782097842344 127.47917111728263 97 190 190 112.81807916501359 103.77727591784418 200 165.94958342234565 110 25.861232337412641 110 368.64217047639397 
149206.71121495569 489953.15607739089 114 114 120 117.97814874721519 97 140 249.54130680257578 300 198.33216345713674 268.95413068025755 341.73485518967254 375 321.93594164860986 343.24680318613008 258.62529374065366 405.35447248756367 500 480.43153172399059 412.32258064516134 402.02990813928648 550 436.94601275673699 266.39393292031616 550 550 550 121.75817133091219 63.360393078402048 150 95.997466963713492 94.02050843836787 67.696768089846486 156.66188543351541 193.81969664601581 200 96.368297372356338 88.334299752800078 108.24121829889829 50.919980468153938 548.99423200170895 
149766.60912576015 440229.81900090829 38.087649159215061 67.943174535355695 120 153.1632435071871 97 140 226.14358958708624 254.29227576525162 228.68144779808955 155.41673024689473 375 232.98638874477371 498.02011169774471 378.65459150975062 500 377.06381420331434 489.86541337321086 500 550 271.71245460371716 511.81548509170813 413.00729392376479 550 455.57304605243075 363.81096835230568 550 64.607989745780827 115.23392437513351 150 97 97.904599139378035 70.965910824915312 190 171.54240546891691 158.9501632740257 136.24988555558946 110 110 58.650318918424027 470.65712454603715 
149835.31518667526 445175.7556803503 114 114 120 128.43195898312325 75.638569292275776 103.55504013183996 300 213.18704794457841 300 191.08523819696646 258.14749595629752 375 480.25833918271434 449.40412610248114 237.13263344218268 500 306.18671224097415 500 506.20679342020935 527.36552018799398 550 402.66396069215978 372.50117496261481 334.65993224890894 543.39652699362159 352.90755943479724 15.302285836359752 150 135.04165776543473 79.638019959105193 163.44312875759132 190 95.337687307351899 121.81127353740044 130.38178655354471 183.31553086947233 110 110 110 550 
149845.5973030685 410992.80228941684 114 87.272377697073267 120 109.48820459608753 92.620593890194414 140 265.59160130619222 300 239.9610889004181 177.49229407635733 353.82659382915739 166.93633838923307 483.49711600085453 500 301.02694784386733 500 225.24674214911343 426.12689596240119 533.82311471907713 362.2879726554155 499.03311258278143 468.29218420972319 369.34849085970643 519.12356944486828 550 535.91744743186837 150 133.9265114291818 42.783593249305703 90.44462416455579 190 151.37333292641989 134.17859431745353 200 200 121.21036408581804 110 110 32.756279183324686 392.41401409955137 
151032.18689204508 491549.54238579457 114 114 93.558763389996031 190 97 99.140598773155915 260.7904293954283 293.1516464735862 300 194.08398693807794 284.49204992828152 141.83526108584857 419.94613483077484 360.69743949705787 152.99310281685842 392.42225409710994 412.37769707327493 500 550 550 550 550 550 541.68919949949645 334.60573137607958 432.68221076082648 150 150 64.99679555650502 55.293404950102236 185.49302652058475 128.51710562456128 190 131.78167058320872 119.97497482222968 200 90.067140720847192 92.059389019440289 90.248725852229384 372.10126041444136 
151516.66187507438 459426.18285192759 58.530899990844446 114 120 168.26319162572099 83.184270760216066 95.95007171849727 300 300 195.38132877590257 300 94.205816827906119 375 420.87313455610825 500 312.95205542161318 356.25434125797386 500 500 398.85280922879724 550 532.66475417340621 278.90530106509595 441.01107821893982 527.52470473342078 299.36613055818356 550 150 16.079897457808162 150 75.223517563402211 190 190 190 200 146.44856105227819 190.38880581072419 110 91.117740409558394 31.788689840388194 396.03289895321512 
152625.55907360266 501821.5812846417 114 114 61.59855952635273 190 97 140 300 256.87551499984738 300 300 375 375 216.5097506637776 137.98944059572131 339.6061586352123 359.38215277565843 500 467.06686605426194 460.74983977782529 550 550 456.6660969878231 276.83663441877496 383.32328257087926 386.95861690115203 550 150 150 53.25998718222602 73.340525528733181 190 117.81304361095005 190 95.945310831019015 200 200 107.08166753135777 110 53.996551408429212 550 
152933.92924076394 547908.90103485936 96.613238929410699 55.750541703543199 80.889309366130561 190 68.395001068147835 114.34614093447676 300 300 255.77776421399579 300 375 375 210.07797479171117 500 368.60637226477854 401.38325144199956 230.39094210638751 500 288.61311685537277 455.63640247810298 550 550 550 269.08590960417496 550 387.46061586352124 75.996093630783605 150 132.89254432813502 70.409222693563649 190 119.74913785210731 190 163.04910428174688 200 106.77510910367138 59.898068178350165 59.067964720603044 109.1361735892819 550 
153484.75850371426 506486.77377404668 114 114 120 190 95.214667195654158 113.22989593188268 180.81148716696677 291.66112247077854 300 300 159.42402417065949 346.15991698965422 265.52629169591359 279.55717642750329 404.10702841273235 436.65358439893851 500 281.32023071993166 263.91070284127323 423.07583849604788 453.76635029145177 550 550 550 449.59288308359021 550 113.98205511642811 129.01730399487289 150 84.800225836970128 190 190 78.579363383892328 146.07257301553392 200 143.51786858729821 32.125919370097961 110 99.893490401928773 550 
154283.12645605096 468124.46327301092 114 101.55742057557909 119.71068453016755 190 83.133915219580672 140 229.05380413220968 254.85122226630452 251.99606311227762 300 214.72014526810511 219.38532670064393 500 340.95660267952508 500 301.80516983550524 500 408.01110873744926 479.94402905362102 538.85195471053203 550 305.30112613299968 550 550 276.46626178777427 365.4640949736015 150 77.058320871608629 150 95.60225226599934 190 190 190 198.98953215124973 171.35441145054475 108.72890408032472 71.545457319864497 93.449812311166724 110 318.06237983336894 
155539.28227262283 545168.19121118961 105.5518051698355 72.211310159611799 120 190 97 121.6368907742546 118.68617816705832 195.74892422254098 300 300 149.08172856837672 375 500 462.06167790765096 500 306.02816858424637 349.79277932065798 500 550 409.59666737876523 550 295.46366771446884 550 550 370.64275032807274 550 80.459303567613759 150 150 97 154.65834528641619 109.87029633472702 164.77919858394114 93.108615375225071 136.86758018738365 200 110 110 110 244.7541123691519 
156593.48095540822 556241.04832837032 75.689138462477487 114 120 158.90377513962218 47.364696188238163 77.19803460798974 300 300 300 183.61949522385328 375 277.45997497482222 308.33994567705315 257.45796075319686 422.36091189306313 284.77584154789884 225.33219397564622 280.37171544541764 550 362.59816278572953 550 550 536.28717917416907 467.51530503250223 550 550 150 113.92223883785516 149.68562883388745 81.75142674031801 87.022003845332193 190 190 174.56709494308296 200 152.93435468611713 92.575609607226781 75.895718253120521 67.371593371379731 550 
157188.46322265829 552591.0125988042 77.714896084475242 44.514847254860072 87.550889614551224 165.70848719748528 97 132.32032227546006 263.83465071565905 296.81249427777948 300 132.25684377574999 194.05270546586505 375 431.87124240852074 500 136.16977446821497 497.25333414716027 252.66823328348644 500 258.6186712240974 550 378.87881099887079 550 550 550 495.4287545396283 550 111.00405896176031 150 150 70.010956144901883 190 161.01071199682329 190 93.971373638111515 200 132.77871028778955 68.816492202520834 54.816278572954502 44.094973601489301 515.84148686178173 
158760.32482232497 521327.81520352955 114 104.20209356975005 111.73619800408949 190 51.606769005401773 120.67885372478408 300 300 300 300 353.39780877101964 375 500 500 198.65642262031923 133.22855311746574 274.5866267891476 500 550 419.0903653065584 333.98242133854183 550 435.9098788415194 360.96542252876372 550 309.70946378978851 116.02862636188848 150 146.72719504379407 56.044160283211767 179.8712118900113 190 96.035950804162724 200 196.33075960570085 173.4089175084689 69.135563219092376 29.666737876522109 110 550 
159093.03236238746 543744.5555595617 97.389263588366333 114 120 109.91790520950957 97 140 167.23136082033753 254.37788018433179 149.76424451429793 270.59358500930819 208.12543107394634 346.57155064546646 500 246.96340830713831 500 500 492.62550737022002 225.61418500320445 279.73979918820766 354.94680623798331 550 550 550 550 474.80532242805259 550 132.03836176641096 150 136.78060243537706 52.316324350718709 86.030152287362284 190 181.01382488479263 200 200 111.89458906826991 40.100100711081268 110 96.671651356547741 413.48814355906859 
159534.0527932689 555396.88156693801 48.095034638508253 95.263527329325242 111.8405713064974 170.56947538682209 74.433088167973878 125.90850550859096 263.32209234901273 300 150.79149754325999 300 207.6966460158086 313.90670491653191 327.82982879116184 266.71651356547744 374.52314828943753 500 245.71245460371716 500 453.25827814569539 550 550 550 379.14981536301764 550 282.02185125278481 550 150 125.1548814355907 150 86.341410565507971 188.13928647724845 145.84276863917967 60.00396740623188 200 117.27927488021484 189.08963286233103 110 93.283791619617304 93.825952940458379 550 
159746.11900026808 465379.76407028618 114 114 98.149357585375526 117.65251625110629 61.662617877742846 140 300 172.9026154362621 280.76418347727895 147.21427045503097 328.3996398815882 151.90313425092319 383.32392345957822 130.49333170567951 500 409.09680471205786 500 438.01382488479271 550 409.71886349070712 463.5315408795434 369.31235694448685 550 550 550 407.50590533158362 150 147.67143772698142 146.80837427900022 97 190 190 190 200 200 200 66.821649830622277 61.283303323465681 110 312.7703482161931 
160005.67437514573 537184.76361953106 76.160466322824789 114 120 89.909970397045811 69.354808191167947 140 272.83974730674151 300 224.73860896633806 300 375 375 129.05133213293863 211.07364116336558 416.39487899411131 500 500 365.31083101901299 355.8115787224952 542.85622730185855 259.7994933927427 482.94448683126313 550 389.39378032776881 550 550 150 150 134.60158085879084 96.426252021851255 190 185.39780877101964 190 108.79940183721428 145.44145023957032 200 110 110 110 359.69365520187995 
160992.46886918112 528496.262416185 114 100.87185277871029 120 152.95175023651845 97 113.2518692587054 300 250.86809900204474 229.42420728171683 180.46510208441418 163.37742240668967 133.72264778588215 442.48023926511428 198.9654225287637 500 500 302.21320230719931 493.62529374065372 497.04208502456743 406.80495620593888 325.73485518967254 347.11709952085937 550 550 550 550 150 150 150 84.78191473128453 176.419568468276 190 190 114.64400158696249 108.7893307290872 200 99.859767448957783 110 55.589312417981503 550 
161251.26318842737 566443.51160678978 80.564287240211186 55.219702749717705 120 143.07199316385388 49.206488235114598 102.5157017731254 264.32172612689595 276.02572710348829 300 300 375 165.52134769737847 173.82198553422651 403.60347300637835 462.72508926663704 196.63075655384992 336.94082461012601 438.17560350352488 350.78273873104035 490.6032898953215 538.69911801507612 550 550 546.55824457533492 550 550 150 150 150 97 72.382274849696344 73.021027253028961 172.67433698538161 114.51307718131046 200 200 110 107.20877712332531 99.091921750541701 434.12048707541123 
161370.23044913227 511407.38540543569 114 114 95.620593890194399 161.216772972808 97 72.588030640583511 300 216.91335795159765 300 300 244.69222083193455 357.71996215704826 260.696737571337 209.24253059480574 375.74770348216191 500 406.33625293740653 279.04721213415939 515.46549882503746 550 550 276.52046266060364 550 533.35364848780591 316.4394054994354 397.67748039185767 150 150 150 86.770195623645748 190 149.70305490279856 190 161.60557878353222 200 128.27692495498519 110 110 110 519.36637470625942 
161562.77825806761 534537.19340214401 46.988128299813837 114 68.181402020325322 101.67638172551653 60.635670033875549 140 211.47984252449112 198.57387005218663 162.60994293038726 294.94155705435344 216.22202215643853 375 229.60219122898036 411.32847071749012 500 140.35843989379558 500 373.67656483657339 497.8316599017304 550 550 346.65639210180973 471.58037049470499 550 457.68688009277628 496.67537461470386 150 146.18030335398419 150 97 190 96.730246894741668 188.7304300057985 186.32679219946897 200 192.19153416547135 94.681997131260104 98.394116031373031 94.059419537949765 550 
162541.418138015 557313.19425143662 51.430036317026278 63.308450575273902 76.853541673024694 187.52922147282328 97 113.79241309854427 300 212.502212591937 300 300 251.66426587725456 223.05572679830317 187.34931485946225 500 359.05026398510699 500 238.39777825251014 500 550 268.73274941251867 550 550 400.82113101596121 366.94225898007141 493.09811700796536 550 150 150 150 57.263374736777855 118.24945829645679 190 172.12683492538224 150.26551103244117 200 90.567339091158786 110 110 110 550 
162728.96967423163 495829.59790766938 114 76.081911679433574 70.922574541459397 190 75.206732383190399 137.68401135288553 208.48200933866389 180.03799554429762 170.91860713522752 295.87023529770806 310.46784875026702 375 257.11462752159184 280.8389538254952 362.22037415692614 481.21991637928204 500 476.91946165349287 550 527.02713095492413 320.67610705893128 550 373.44969023712883 432.12213507492294 550 436.42207098605309 150 150 150 49.247688222907193 170.21851252784813 115.36912137211218 190 200 162.6294747764519 197.70378734702598 29.503311258278146 72.590868861964779 101.00634784997101 459.04849391155733 
163445.82941055365 519054.04841142497 43.453169347209084 37.197363200781275 92.267830439161344 190 97 73.33512375255593 300 298.47422711874754 214.76317636646627 300 375 375 500 357.98593096713159 135.67766350291453 263.63795892208623 500 273.35612048707543 550 550 376.00616473891415 550 310.56764427625353 509.82702108829272 363.70256660664694 415.1211279641102 150 150 150 97 173.58684041871396 190 190 200 200 200 110 51.246833704641865 82.801141392254408 502.99209570604575 
164014.03323559376 533988.3114106399 77.99816888943144 114 120 190 78.310464796899311 89.590990936002683 157.19412823877681 144.95529038361767 209.93408001953185 279.09695730460521 98.416486098818936 375 500 500 469.44334238715783 500 285.60991241187781 411.60008545182654 429.10104678487505 550 446.9280068361461 550 377.4424878688925 550 550 315.3644215216529 150 150 150 97 74.187444685201569 161.74413281655325 190 200 125.52079836420789 159.67690054017723 104.87411114841152 99.390240180669579 50.795464949491866 416.82503738517408 

135234.43959770419 425216.25995774334 114 53.510544145023957 68.181402020325322 160.62929166539507 97 117.66411328470718 300 263.27570421460615 255.04760887478255 300 375 375 160.22598956266975 500 500 245.20096438489944 500 304.64857936338387 469.81115146336253 487.15359965819266 403.22403637806326 343.52177495651114 542.98098696859643 550 550 320.97421185949281 63.151036103396706 47.658619953001498 64.450819421979944 77.825220496230969 122.20892971587267 168.88943144016844 190 200 187.50175481429488 200 110 106.11148411511581 110 495.15274513992733 
136163.50418233595 493399.35399279097 89.043427838984343 114 68.540299691763053 146.32160405285805 70.773918881801819 132.73561815240942 222.4274422437208 277.078157902768 266.66966765343182 281.71697134311955 367.47053437910091 375 248.35963011566514 412.02658162175362 399.60936307870719 185.99887081514939 471.8008972441786 500 550 304.10382396923734 550 550 523.32413708914464 383.72075563829463 550 550 19.151890621662041 110.60512100589216 40.578936124759664 87.017395550401318 190 113.57982116153447 103.99853511154515 198.12341685232093 165.5970946378979 138.16675313577684 110 28.393047883541367 107.64458143864253 496.42170476393932 
139967.28263677025 407959.17304282734 114 114 120 190 68.404461806085379 80.747605822931604 300 297.57286294137396 232.96670430616169 288.57881405072175 375 334.9772026734214 500 378.39136936552018 400.70802941984317 458.91445661793875 500 444.61012604144412 287.72296517838072 379.98760948515275 363.72966704306162 447.4862788781395 550 484.01043733024073 550 550 53.003631702627644 111.20999786370433 51.550950651570176 47.569170201727353 190 62.340769676808982 122.09665211951049 152.39722891933957 90 196.16425061799981 110 110 110 281.85875728629719 
140851.11370796338 530061.87766787189 114 60.920865504928742 120 100.887478255562 71.437696462904754 125.47343363750115 300 287.02337717825861 300 300 375 375 252.34229560228277 500 317.82738731040376 419.96917630542657 316.85110019226659 276.14185003204443 550 417.60521256141851 550 550 286.83669545579392 550 276.32172612689595 550 104.56526383251442 79.844050416577645 64.253364665669721 97 179.58952604754785 190 190 96.754356517227706 170.68300424207283 185.9172338023011 66.658223212378317 71.096682638019956 110 550 
140905.31407799121 442276.6737148817 73.590301217688534 38.132163457136755 68.181402020325322 190 79.509079256569109 117.66411328470718 300 251.21191462569195 300 201.48747215186012 220.98898281807917 282.49991454817348 382.95865942747105 365.13298440504167 500 213.36252937406539 500 262.94466994231999 463.59982909634698 550 403.22403637806326 550 550 468.81341593676564 550 462.73930478835416 11.969237342448196 80.452894680623785 133.36515396588084 47.603045747245716 88.532792138431958 181.15347758415476 190 200 187.50175481429488 200 101.27120273445846 106.11148411511581 75.998184148686178 550 
141162.15999588283 494265.88221111969 114 45.283730582598345 120 190 56.572130497146517 140 280.99050874355237 251.0544145023957 300 201.48747215186012 220.98898281807917 375 308.93505661183508 500 500 213.36252937406539 236.3982055116428 500 550 381.67955565050204 362.9618213446455 550 550 548.48237556077765 528.45515305032495 332.41962950529495 82.907498397778241 69.653920102542187 115.24674214911343 95.478652302621541 95.389263588366333 108.66420484023561 190 169.29654835657828 200 190.1303140354625 64.147160252693254 101.01413006988739 110 550 
141561.99642992858 434024.07255865401 114 114 89.068880275887324 148.3492538224433 97 80.854396191290022 228.99716177861873 143.72661519211402 232.96670430616169 235.09628589739677 312.4059572130497 257.77016510513624 454.31379131443219 378.39136936552018 500 458.91445661793875 500 307.8530228583636 550 359.62172307504073 363.72966704306162 548.59981078524129 550 421.32712790307323 336.49372844630267 540.31611072115243 53.003631702627644 135.21256141850031 57.746208075197607 86.489425336466567 190 156.14215521713919 190 160.31983397930844 118.4743797112949 187.89788506729332 70.917691579943238 110 110 550 
142565.02843010591 446269.55759786296 114 114 120 190 97 140 300 297.57286294137396 187.62153996398814 300 144.19357890560624 334.9772026734214 500 500 367.55534531693525 307.2069460127567 500 444.61012604144412 550 379.98760948515275 550 542.08667256691183 449.61998352000489 488.02130191961425 550 265.95129245887631 150 19.570604571672717 51.550950651570176 96.253822443311861 190 62.340769676808982 63.332621234778891 152.39722891933957 200 200 110 110 110 250.14954069643238 
143524.92618976388 492081.86245770584 111.82189397869809 68.847743156224254 81.563158055360574 190 81.040345469527267 91.977294228949859 164.11755729850154 300 274.61577196569721 160.46998504593034 241.7764824365978 375 436.14001892147587 500 146.00054933317057 407.32291634876555 463.68297372356335 395.83422345652639 341.580431531724 530.61781670583207 550 550 513.34214300973542 550 453.24359874263888 550 85.244605853450125 145.30014954069642 19.288613544114504 51.892117069002353 64.479201635792109 132.35358745078889 88.390758995330671 200 200 182.20770897549363 99.922025208288829 69.309366130558175 82.61696218756677 550 
144294.70734046915 482753.80839016644 114 111.68620868556779 78.662678914761798 175.80309457686087 65.227179784539317 75.615955076754048 203.20535905026398 165.7068086794641 300 268.38343455305642 318.76055177465133 375 500 500 389.67558824427016 500 500 500 258.58107242042297 550 550 266.5023346659749 439.3783074434636 550 331.89568773461104 465.34727011932739 150 21.830805383465069 47.124546037171548 53.755272072511978 190 87.188634907071133 114.55183568834498 92.87026581621754 154.69008453627126 200 64.557023834955899 110 110 550 
144745.58063014544 465686.00583167357 89.843256935331283 47.378521073030797 66.553544724875636 190 97 75.734611041596736 122.6059755241554 300 300 208.95840327158422 375 186.52323984496599 221.77419354838707 500 500 500 335.41978209784236 500 550 246.737449262978 550 378.85070345164354 446.41309854426709 480.35187841425829 532.66475417340621 440.3968016602069 150 48.500320444349498 81.471907712027345 97 190 121.74077578051089 190 108.26563310647907 200 190.81514938810389 110 110 110 550 
145310.98062176138 419900.81727878138 82.326291695913582 45.515823847163311 120 190 55.505508590960417 71.304129154332117 124.93813898129214 300 300 221.20917386394848 375 375 261.85266965960614 500 500 466.69782097842341 362.89510788293103 344.93911557359536 422.48365733817559 287.14593259265791 403.46794030579542 387.02148503067122 464.47824945829643 479.57951597643978 532.66475417340621 550 136.08117923520615 50.107669301431315 87.453108310190132 97 190 125.6034424878689 112.81807916501359 200 200 198.69411297952209 110 108.2170934171575 110 550 
145433.70497971491 502816.45693764364 56.271858882412182 92.030884731589708 120 169.55125583666359 72.012970366527298 140 300 158.5865352336192 267.95373393963439 300 375 202.83422345652639 256.05029450361644 307.33283486434522 324.25916318247016 500 500 385.03311258278143 541.12668233283489 520.73873104037602 550 550 550 372.04046754356517 550 468.47285378582109 76.88314462721641 66.419568468275997 150 53.079287087618638 141.89123203222755 79.860835596789457 190 196.05883968626972 200 200 97.530289620654926 110 61.425977355265964 247.55522324289683 
145646.36866137516 498295.73302081582 106.4830347605823 92.030884731589708 120 169.55125583666359 72.012970366527298 140 300 158.5865352336192 267.95373393963439 280.67415387432482 375 202.83422345652639 256.05029450361644 307.33283486434522 324.25916318247016 500 500 385.03311258278143 541.12668233283489 520.73873104037602 550 550 550 372.04046754356517 550 468.47285378582109 76.88314462721641 66.419568468275997 150 97 149.57391687980623 79.860835596789457 190 196.05883968626972 200 200 97.530289620654926 110 61.425977355265964 247.55522324289683 
145655.63457091132 487690.90969086572 38.830347605822929 68.645405438398384 104.99221778008362 109.76348155156103 87.910061952574239 95.695181127353749 288.91323587755971 192.55134739219338 275.49195837275306 300 279.78804895168605 375 300.84383678701136 500 488.22367015594961 166.97820978423414 500 401.49113437299724 398.97500534073913 550 413.33249916074101 550 550 511.39994506668296 550 362.33851130710775 10.811792352061525 150 102.59559923093356 97 140.80019531846062 190 190 118.41059602649007 91.900082399975588 200 66.979888302255318 92.170934171575055 89.169591357158112 498.99722281563771 
145846.14055249258 406244.19728574471 114 108.69613330484938 103.75127414777063 150.03851435895871 63.190221869563899 98.644660786767176 300 213.18704794457841 300 194.60124515518663 268.12703939939576 375 444.1156498916593 496.43008514664211 309.54504531998657 500 231.99743644520402 459.35227515488145 509.25511642811364 550 506.04038209173859 406.04609515671251 457.58299508651999 550 510.78657185583052 295.68769798883022 120.30217593866007 28.876308481093783 128.28540910061952 79.938779869991151 183.78165840687018 190 82.18454542680135 94.798547318948948 130.38178655354471 200 110 85.2860042115543 110 440.08929715872682 
145882.60283544127 489300.54402043787 91.539085055085906 60.920865504928742 120 100.887478255562 97 140 300 287.02337717825861 300 300 375 375 252.34229560228277 495.8507766960663 317.82738731040376 500 316.85110019226659 500 550 265.84704123050631 403.22403637806326 550 286.83669545579392 400.34868007446516 550 550 104.56526383251442 127.55550401318587 58.55977050080925 97 122.20892971587267 190 180.50202948088017 96.754356517227706 197.31806390575886 144.35007782219918 66.658223212378317 71.096682638019956 110 446.93227942747274 
146402.89425455272 506620.56253231911 114 50.205827000530036 66.553544724875636 190 68.294442579424413 75.734611041596736 280.99050874355237 266.44206060975984 300 208.95840327158422 151.74705648976101 375 221.77419354838707 500 500 500 335.41978209784236 491.20187994018369 550 330.67583849604785 388.34138004699849 550 523.62314523758664 529.88876613666196 550 306.406012146367 150 66.862208929715862 81.471907712027345 95.254799035615093 123.98672444837793 70.366435743278302 166.02298043763543 164.19452497940003 200 190.1303140354625 64.147160252693254 105.45427301505197 110 550 
146422.60148986109 454485.08286665031 76.03430280465102 72.580278939176608 120 107.63512070070499 97 90.368846705526906 178.20795312356944 300 192.47077852717672 300 375 375 425.61113315225685 322.58827478865931 500 500 224.54603717154455 453.44343394268572 395.54411450544751 515.15530869472332 511.79741813409834 550 499.17764824365975 489.38535721915343 474.14587847529526 550 52.388378551591543 101.97180089724418 132.53364665669727 97 190 105.34745323038423 94.369640186773267 187.65617847224343 117.79961546678061 190.85879085665457 89.115115817743458 110 49.91607409894101 285.35142063661613 
146439.47941178549 429258.5798113097 72.139896847437967 114 105.585497604297 190 57.925626392406997 140 300 246.28070925016021 159.21094393749809 297.25547044282359 375 320.26129947813348 500 470.99978637043364 339.51460310678425 146.12643818475905 482.157658619953 473.9371929074984 499.88079470198676 550 465.40147099215676 338.8514664143803 537.54283272804958 550 339.44767601550342 352.6633503219694 150 28.876308481093783 98.596453749198886 97 94.675130466628019 190 143.25601977599416 169.40397350993379 133.92010254219184 200 110 110 110 440.08929715872682 
146788.61853440854 432307.24513622373 114 96.320444349497961 65.837580492568748 190 55.505508590960417 123.63206884975739 300 300 282.60582293161002 280.67415387432482 375 375 201.46031067842648 500 500 500 252.70241401409956 344.93911557359536 422.48365733817559 496.13971373638111 403.46794030579542 448.21979430524613 550 550 441.30014954069645 359.26712851344337 124.49690237128819 45.419782097842344 127.47917111728263 97 190 190 112.81807916501359 103.77727591784418 200 165.94958342234565 110 25.861232337412641 110 368.64217047639397 
147925.68911066733 438895.24272951647 114 114 114.93569750053408 190 47 91.251075777459022 189.89871517075065 157.15190588091679 300 199.42466505935852 375 375 500 500 389.67558824427016 477.71309549241619 315.47874385814998 500 314.71326639606917 476.16816919461655 521.81644947660754 411.03709219641712 444.29161656544608 550 316.81429486983853 473.35906247138888 150 72.259849848932362 82.681691946164989 66.112674336985378 171.22623371074556 60 190 90 163.43885616626483 193.09121982482375 32.460036011841176 110 110 550 
148879.08683469702 461092.84728050977 114 43.41508224738304 120 190 65.227179784539317 92.482680745872386 203.20535905026398 165.7068086794641 300 300 318.76055177465133 373.20444586621289 456.62787618924858 500 500 500 262.00384533219398 440.15381328775902 258.58107242042297 242 550 378.85070345164354 439.3783074434636 482.75956917657243 444.20381786553475 550 150 21.830805383465069 103.95428327280496 53.755272072511978 190 190 190 90 185.3415021210364 200 64.557023834955899 110 110 550 
149097.50833098227 402791.72012113692 114 91.878060243537703 112.67398297067318 105.96969512009034 92.620593890194414 140 267.93137302774119 300 300 188.8460341196936 350.50007934812464 181.1376995147557 465.88869899594107 496.45922116763796 276.88947721793272 500 226.26020081179234 500 520.05537278359327 375.31971800897242 502.85156407361063 470.6860560930204 340.98788415173806 550 550 432.68221076082648 150 128.73915829950866 42.783593249305703 90.344370860927143 185.49302652058475 151.04641865291302 130.84478286080508 200 200 117.22220526749473 107.83342997528001 109.82412182988983 31.983245338297678 400.24772484511857 
149206.71121495569 489953.15607739089 114 114 120 117.97814874721519 97 140 249.54130680257578 300 198.33216345713674 268.95413068025755 341.73485518967254 375 321.93594164860986 343.24680318613008 258.62529374065366 405.35447248756367 500 480.43153172399059 412.32258064516134 402.02990813928648 550 436.94601275673699 266.39393292031616 550 550 550 121.75817133091219 63.360393078402048 150 95.997466963713492 94.02050843836787 67.696768089846486 156.66188543351541 193.81969664601581 200 96.368297372356338 88.334299752800078 108.24121829889829 50.919980468153938 548.99423200170895 
149766.60912576015 440229.81900090829 38.087649159215061 67.943174535355695 120 153.1632435071871 97 140 226.14358958708624 254.29227576525162 228.68144779808955 155.41673024689473 375 232.98638874477371 498.02011169774471 378.65459150975062 500 377.06381420331434 489.86541337321086 500 550 271.71245460371716 511.81548509170813 413.00729392376479 550 455.57304605243075 363.81096835230568 550 64.607989745780827 115.23392437513351 150 97 97.904599139378035 70.965910824915312 190 171.54240546891691 158.9501632740257 136.24988555558946 110 110 58.650318918424027 470.65712454603715 
149835.31518667526 445175.7556803503 114 114 120 128.43195898312325 75.638569292275776 103.55504013183996 300 213.18704794457841 300 191.08523819696646 258.14749595629752 375 480.25833918271434 449.40412610248114 237.13263344218268 500 306.18671224097415 500 506.20679342020935 527.36552018799398 550 402.66396069215978 372.50117496261481 334.65993224890894 543.39652699362159 352.90755943479724 15.302285836359752 150 135.04165776543473 79.638019959105193 163.44312875759132 190 95.337687307351899 121.81127353740044 130.38178655354471 183.31553086947233 110 110 110 550 
149845.5973030685 410992.80228941684 114 87.272377697073267 120 109.48820459608753 92.620593890194414 140 265.59160130619222 300 239.9610889004181 177.49229407635733 353.82659382915739 166.93633838923307 483.49711600085453 500 301.02694784386733 500 225.24674214911343 426.12689596240119 533.82311471907713 362.2879726554155 499.03311258278143 468.29218420972319 369.34849085970643 519.12356944486828 550 535.91744743186837 150 133.9265114291818 42.783593249305703 90.44462416455579 190 151.37333292641989 134.17859431745353 200 200 121.21036408581804 110 110 32.756279183324686 392.41401409955137 
150461.1109187277 487889.9381085494 114 114 60 190 47.364696188238163 130.33942686239203 300 300 300 183.61949522385328 375 375 500 217.51113925595877 422.36091189306313 275.09384441663866 387.29331339457383 280.37171544541764 498.06718649861114 490.11920529801318 441.99121066927091 550 254 467.51530503250223 550 550 133.01431318094424 150 51.623584704123054 53.561479537339395 87.022003845332193 190 190 96.450544755394148 200 200 92.575609607226781 78.108462782677691 53.996551408429212 550 
150554.23433836063 425718.19202463271 114 108.69613330484938 60 190 84.551652577288124 140 300 300 294.78174687948302 300 353.82659382915739 375 150.96400341807308 500 443.70822779015475 391.65547654652545 452.09741508224738 426.12689596240119 422.49493697927795 533.84191412091434 506.04038209173859 426.13203527939692 276.83663441877496 385.81652272103031 418.96694235053712 527.97547532578506 142.34907071138645 118.6259346293527 72.004699850459303 85.85250404370251 190 136.25791192358167 166.84542374950408 90 200 189.7848750267037 110 90.140552995391701 32.756279183324686 548.96227301858573 
150647.06989485456 449388.27395239077 114 49.551866206854456 120 190 97 90.368846705526906 141.27974791711256 300 300 191.08523819696646 258.14749595629752 331.36254463332011 424.62118900112921 449.40412610248114 421.54559465315452 500 228.39991454817348 466.47483748893649 506.20679342020935 376.01153599658187 550 402.66396069215978 505.40623187963496 442.17188024536881 543.39652699362159 550 15.302285836359752 150 135.04165776543473 79.638019959105193 163.44312875759132 60 95.337687307351899 188.72539445173499 130.31464583269752 158.98373363444929 89.115115817743458 110 25 550 
150782.0794787491 407169.45703121246 102.61029084139531 101.57408368175298 120 103.72249519333474 75.638569292275776 100.92351451155126 274.31206864156275 215.24155400250254 267.741233558153 222.86004211554308 285.29988097781307 375 481.95783867915895 378.65459150975062 341.23470259712519 500 249.83721427045504 486.0330301828057 459.87002777184358 516.91211279641095 538.53922544022953 402.66396069215978 357.25446943571274 455.57304605243075 550 388.1028962065493 10 135.59154026917327 150 92.149998474074522 164.79522080141589 183.04910428174688 190 138.57362590411086 129.72917874690998 180.57316812646869 109.71439252906887 110 97.900204474013492 523.97504806665245 
151029.03036515097 527463.08652800403 89.043427838984343 114 68.540299691763053 146.32160405285805 70.773918881801819 95.23505966368603 222.4274422437208 277.078157902768 300 130 367.47053437910091 375 281.42376476332896 412.02658162175362 399.60936307870719 186.64928258313586 471.8008972441786 500 550 304.10382396923734 550 550 523.32413708914464 383.72075563829463 550 550 123.79876094851525 110.60512100589216 130.7434308908353 87.017395550401318 190 113.57982116153447 190 179.65669728690452 165.5970946378979 138.16675313577684 110 28.393047883541367 110 496.42170476393932 
151032.18689204508 491549.54238579457 114 114 93.558763389996031 190 97 99.140598773155915 260.7904293954283 293.1516464735862 300 194.08398693807794 284.49204992828152 141.83526108584857 419.94613483077484 360.69743949705787 152.99310281685842 392.42225409710994 412.37769707327493 500 550 550 550 550 550 541.68919949949645 334.60573137607958 432.68221076082648 150 150 64.99679555650502 55.293404950102236 185.49302652058475 128.51710562456128 190 131.78167058320872 119.97497482222968 200 90.067140720847192 92.059389019440289 90.248725852229384 372.10126041444136 
151516.66187507438 459426.18285192759 58.530899990844446 114 120 168.26319162572099 83.184270760216066 95.95007171849727 300 300 195.38132877590257 300 94.205816827906119 375 420.87313455610825 500 312.95205542161318 356.25434125797386 500 500 398.85280922879724 550 532.66475417340621 278.90530106509595 441.01107821893982 527.52470473342078 299.36613055818356 550 150 16.079897457808162 150 75.223517563402211 190 190 190 200 146.44856105227819 190.38880581072419 110 91.117740409558394 31.788689840388194 396.03289895321512 
152268.58401092223 419172.17338336539 114 114 120 184.21750541703543 97 90.368846705526906 300 300 192.47077852717672 280.73122348704493 375 375 183.65390484328748 484.32468031861299 500 500 224.54603717154455 342.98226874599442 395.54411450544751 481.34270455030975 403.46794030579542 465.26416211432235 499.17764824365975 489.38535721915343 463.11058076723532 550 121.6727195043794 108.02440623139249 132.53364665669727 97 185.86271035298313 105.34745323038423 117.02908413953062 113.872219000824 200 155.5864131595813 110 110 48.94200112551615 368.54159367656484 
153450.26630486216 457780.95160598261 114 114 61.59855952635273 190 97 140 300 300 300 300 375 375 416.72850733970336 137.98944059572131 339.6061586352123 359.38215277565843 500 467.06686605426194 460.74983977782529 550 550 456.6660969878231 276.83663441877496 383.32328257087926 386.95861690115203 550 150 150 53.25998718222602 73.340525528733181 150.60206915494246 117.81304361095005 190 200 200 200 107.08166753135777 110 53.996551408429212 242 
154452.18742995639 431993.30144846643 58.530899990844446 114 120 168.26319162572099 83.184270760216066 95.95007171849727 300 300 195.38132877590257 300 375 375 420.87313455610825 500 500 356.25434125797386 500 500 398.85280922879724 341.80213629566305 532.66475417340621 278.90530106509595 441.01107821893982 371.29881893368326 299.36613055818356 550 150 16.079897457808162 150 75.223517563402211 190 86.581621753593566 190 200 146.44856105227819 190.38880581072419 110 91.117740409558394 31.788689840388194 396.03289895321512 
156113.23293911931 447884.32355665573 48.095034638508253 114 85.071749015778067 176.82296212652975 83.382030701620522 140 263.83465071565905 300 300 168.11731315042573 251.05882137516403 375 449.12717062898645 500 175.81666615802897 387.2219000824 244.38026062807094 500 274.50604571672716 550 381.35308084353159 550 515.77296365245581 493.28962675862908 495.4287545396283 477.91283913693655 100.81264687032686 150 150 61.389629810480052 190 161.01071199682329 161.81078524124882 200 200 124.80138554033022 59.599230933561209 30.716299935911131 93.825952940458379 515.84148686178173 
158237.29707492236 430255.61330394994 114 110.26722617267373 120 190 97 132.07048554948577 159.52762840662967 278.11648915066991 285.59881893368328 300 250.57044282356966 328.73752250740074 323.02430799279762 500 500 441.7623828852204 274.5866267891476 319.61204870754113 242.89391155735953 475.95197607348865 453.76635029145177 550 435.9098788415194 550 367.5327616199225 494.63922849208046 113.98205511642811 150 150 88.955473494674521 179.8712118900113 190 78.579363383892328 153.39930417798396 200 173.4089175084689 25.816873683889273 110 110 480.41871395001067 