15

150	455	80	120	671	10.1	0.000299	100	0.042	80	-0.8050	0.018	0.655	0.02846
150	455	80	120	574	10.2	0.000183	140	0.04	50	-0.5550	0.015	0.5773	0.02446
20	130	130	130	374	8.8	0.001126	160	0.038	60	-1.3550	0.0105	0.4968	0.0227
20	130	130	130	374	8.8	0.001126	180	0.037	45	-0.6000	0.008	0.486	0.01948
150	470	80	120	461	10.4	0.000205	200	0.035	30	-0.5550	0.012	0.5035	0.02075
135	460	80	120	630	10.1	0.000301	450	0.041	103.3908	-2.4444	0.0312	0.5035	0.0207
135	465	80	120	548	9.8	0.000364	600	0.036	103.3908	-2.4444	0.0312	0.5035	0.0207
60	300	65	100	227	11.2	0.000338	320	0.028	300.391	-4.0695	0.0509	0.4968	0.0202
25	162	60	100	173	11.2	0.000807	260	0.052	300.391	-4.0695	0.0509	0.4968	0.0202
25	160	60	100	175	10.7	0.001203	280	0.063	320.0006	-3.8132	0.0344	0.4972	0.02
20	80	80	80	186	10.2	0.003586	310	0.048	320.0006	-3.8132	0.0344	0.4972	0.02
20	80	80	80	230	9.9	0.005513	300	0.086	330.0056	-3.9023	0.0465	0.5163	0.0214
25	85	80	80	225	13.1	0.000371	340	0.082	330.0056	-3.9023	0.0465	0.5163	0.0214
15	55	55	55	309	12.1	0.001929	270	0.098	350.0056	-3.9524	0.0465	0.5475	0.0234
15	55	55	55	323	12.4	0.004447	380	0.094	360.0012	-3.9864	0.047	0.5475	0.0234

24

1171	1254	1415	1581	1664	1829	1909	1992	2152	2254	2344	2394	2304	2152	1992	1745	1664	1829	1992	2204	2148	1828	1506	1337

2