6

0.05	1.5 	0.5	0.5	10 	200 	100 	0 	0 	0.04091 	-0.05543 	0.0649 	0.0002 		2.857
0.05	1.5 	0.5	0.5 	10 	150 	120 	0 	0 	0.02543 	-0.06047 	0.05638 	0.0005 		3.333
0.05	1.5 	0.5	0.5 	20 	180 	40 	0 	0 	0.04258 	-0.05094 	0.04586 	0.000001 	8.00
0.05 	1.5 	0.5	0.5 	10 	100 	60 	0 	0 	0.05326 	-0.0355 	0.0338 	0.002 		2.00
0.05 	1.5 	0.5	0.5 	20 	180 	40 	0 	0 	0.04258 	-0.05094 	0.04586 	0.000001 	8.00
0.05 	1.5 	0.5	0.5 	10 	150 	100 	0 	0 	0.06131 	-0.05555 	0.05151 	0.00001 	6.667

24

3.25 3.90 3.50 3.00 3.35 4.00 4.75 5.05 5.45 5.20 5.50 5.75 5.25 5.15 4.75 5.30 5.15 5.75 5.25 5.25 4.55 4.25 4.25 4.00

2